71	56	54	48	53	47	70	48	64	60	48	56	53	42	52	57	55	48	44	60	48	51	48	61	57	47	40	42	51	50	51	54	37	55	40	34	50	54	53	46	48	63	54	42	46	51	44	49	45	59	58	58	47	64	50	68	65	58	61	60	39	54	58	45	56	52	56	42	57	66	55	48	44	63	47	57	64	60	63	53	53	61	65	54	54	67	58	52	61	54	50	61	50	60	46	60	78	161	205	244	240	217	211	204	187	149	145	150	160	186	175	139	118	101	91	140	152	117	124	101	137	117	164	149	123	116	112	120	130	152
66	79	61	56	72	56	48	56	56	64	66	61	60	68	59	67	56	50	46	63	57	43	45	56	58	55	56	52	46	50	54	43	51	64	59	46	48	52	64	41	59	45	40	43	59	52	72	55	49	62	46	64	63	50	54	73	48	50	41	57	60	46	43	71	53	50	66	58	51	34	59	48	50	55	76	56	70	55	47	59	63	68	57	52	45	63	53	62	65	56	50	69	63	41	60	55	68	59	120	153	180	201	215	236	211	219	229	225	136	107	126	149	172	158	115	116	98	102	96	122	112	109	142	144	126	136	132	133	146	128
53	66	60	56	57	58	61	60	50	66	55	51	70	55	58	52	49	56	50	55	52	49	44	50	59	52	68	65	55	44	57	48	55	51	49	53	54	60	60	62	60	53	42	49	54	58	50	55	43	68	62	50	41	51	77	60	49	53	52	49	56	53	44	57	50	66	57	73	40	55	52	55	66	56	44	55	66	58	59	59	50	50	47	59	60	53	55	57	70	59	58	55	51	63	47	57	59	69	118	138	131	96	137	142	200	214	208	217	217	206	130	125	133	155	204	200	145	103	91	107	108	99	97	122	133	129	119	121	120	113
58	54	47	63	58	62	61	56	53	49	55	49	65	56	71	51	61	62	57	74	61	40	55	62	61	46	44	51	56	56	63	51	57	48	50	60	56	53	47	48	45	48	52	58	53	56	52	50	44	71	56	48	50	60	52	63	54	51	68	54	49	52	56	72	58	54	63	50	51	34	63	69	56	63	62	61	52	47	56	42	67	60	53	61	65	68	50	65	42	55	49	50	70	44	49	61	66	88	139	128	74	52	59	49	73	177	179	198	217	209	211	189	157	124	110	145	134	171	153	132	86	102	99	105	111	124	100	139	143	138
68	61	50	52	49	58	66	50	57	66	59	44	57	58	45	55	58	54	62	52	60	49	59	58	53	41	52	63	50	53	64	53	69	52	53	56	58	42	52	36	49	51	53	57	54	63	49	60	36	59	48	54	56	51	53	50	40	59	49	60	48	58	69	41	53	59	61	48	46	48	62	51	56	53	48	59	59	44	47	58	50	66	52	58	62	63	80	64	51	54	65	62	58	54	56	61	53	77	81	69	55	63	62	47	71	68	72	68	80	187	202	224	215	196	156	150	133	103	144	156	170	145	131	113	100	101	97	129	102	124
54	53	55	49	51	58	63	60	46	51	58	61	48	50	63	52	62	57	58	61	62	52	54	61	46	51	51	63	48	56	53	65	45	56	60	54	40	52	47	45	49	57	61	56	62	59	53	50	53	56	38	34	56	57	51	52	47	58	46	61	45	60	65	61	58	62	49	55	66	47	45	56	42	33	60	65	51	46	54	49	73	39	43	53	59	46	60	61	53	62	52	58	66	58	60	46	55	50	36	43	55	54	49	57	56	56	54	57	47	85	123	165	237	249	200	217	167	166	143	120	145	173	167	175	129	112	119	98	124	125
55	49	58	65	68	57	57	50	47	40	56	61	51	44	45	68	68	46	57	62	65	65	62	54	60	72	54	47	62	51	41	61	58	50	57	48	52	58	62	48	60	64	54	46	50	66	50	52	60	50	64	54	44	49	48	42	47	60	52	54	44	53	41	61	53	50	41	41	56	53	56	53	68	79	54	59	47	64	63	60	57	63	51	77	70	61	57	64	47	47	67	63	49	56	47	57	58	61	58	53	64	63	51	49	55	64	59	42	64	57	42	74	144	223	226	191	205	230	194	181	145	122	123	147	158	149	148	129	84	97
50	61	59	56	54	48	49	49	59	58	58	57	48	70	46	81	46	54	61	45	44	60	64	53	59	65	40	50	46	57	49	39	54	56	39	58	52	54	49	50	65	74	60	49	56	51	57	51	49	48	50	55	54	54	55	45	58	51	58	60	66	55	69	45	48	59	58	47	47	55	62	44	53	62	52	58	67	51	46	41	59	52	54	57	49	53	55	51	50	55	38	55	49	55	59	56	58	58	56	51	63	48	62	68	52	62	49	61	60	59	47	46	70	65	75	55	147	216	211	240	207	215	182	119	140	126	172	187	195	177
54	51	50	47	58	50	75	63	65	56	72	60	56	62	65	57	56	61	55	52	65	53	49	60	58	64	60	59	51	53	44	43	54	62	63	61	59	50	66	68	64	45	53	48	63	54	53	47	56	50	49	56	44	46	77	61	47	65	49	60	50	62	63	49	50	56	50	51	42	44	60	56	54	53	59	53	46	67	45	60	63	44	53	55	58	52	32	67	52	64	55	64	49	65	55	56	56	50	51	59	63	45	51	63	69	39	49	64	47	55	40	48	56	61	50	51	76	99	186	206	203	206	202	219	222	183	139	143	128	138
64	59	62	62	48	51	56	55	55	54	62	77	50	61	59	59	64	71	60	48	45	53	52	57	51	55	69	52	55	46	57	53	59	51	71	63	49	56	48	52	58	61	58	54	50	52	47	50	64	56	44	52	53	49	58	63	54	63	63	50	54	50	54	45	42	54	44	59	55	48	62	43	40	46	37	51	49	51	57	60	46	56	47	50	54	58	50	53	53	55	62	55	69	46	50	64	59	61	52	55	67	57	48	56	60	49	46	47	66	40	48	67	62	53	62	46	65	57	62	71	111	160	198	223	221	220	204	205	145	130
52	52	66	49	48	56	57	53	55	66	52	50	49	44	54	53	55	60	60	47	46	52	50	62	65	46	54	54	60	58	53	57	54	58	47	59	50	46	38	58	59	67	55	55	69	55	51	63	51	60	48	54	47	55	52	51	63	69	61	50	37	42	52	62	61	57	52	71	58	64	44	56	41	61	46	49	54	45	62	56	60	48	62	68	46	66	60	32	54	52	49	50	49	69	56	59	55	57	49	55	47	56	56	62	51	51	59	52	75	54	56	50	45	47	56	58	41	47	51	70	70	42	74	147	172	150	193	237	219	213
52	53	49	47	58	56	54	65	50	59	55	52	63	51	48	49	64	43	56	62	61	65	52	58	54	51	50	63	66	53	59	56	57	64	58	63	63	56	68	61	59	45	54	64	64	62	43	49	49	48	60	58	60	46	41	56	44	58	52	50	56	62	51	59	59	41	50	49	57	57	44	48	55	46	57	53	67	54	48	51	47	50	84	62	42	44	45	48	43	48	52	50	61	51	59	51	55	76	58	54	57	46	49	55	63	61	60	53	58	60	61	50	49	52	62	59	61	52	52	57	48	54	67	59	82	65	85	141	94	130
65	61	69	52	42	58	68	64	36	44	76	72	72	48	67	54	46	55	65	51	39	51	59	64	47	56	52	46	71	55	63	57	58	48	48	63	60	45	67	57	53	57	56	48	55	51	50	42	52	51	40	41	58	55	59	53	75	58	49	52	55	47	52	69	46	54	44	60	54	42	55	44	52	54	62	53	50	65	53	47	45	59	49	48	57	48	59	54	54	43	54	68	54	53	57	70	58	50	55	54	63	56	67	66	72	61	64	54	59	51	59	83	57	49	53	52	56	48	37	66	58	66	53	46	51	57	45	48	52	84
58	50	51	51	47	60	51	49	44	71	52	57	60	60	66	63	65	60	53	62	54	60	70	64	63	50	30	46	45	51	65	55	61	58	74	55	48	47	63	55	51	46	48	54	55	54	53	54	53	38	51	51	49	50	49	61	45	51	38	57	63	57	44	70	45	52	51	42	58	47	52	49	59	51	46	56	48	60	51	58	56	49	52	53	45	49	65	48	62	56	52	54	58	74	59	63	56	50	48	46	75	58	72	42	60	56	61	53	50	48	57	43	51	53	65	51	61	64	55	57	60	48	57	57	50	49	56	40	52	59
62	60	58	53	61	44	51	45	49	69	64	50	50	60	61	63	64	66	53	54	48	56	57	56	57	60	64	75	53	60	51	49	70	67	64	47	65	58	55	55	53	55	56	51	56	45	60	56	58	47	62	43	66	48	52	58	60	46	49	54	53	58	51	54	50	58	65	60	50	59	73	49	54	64	53	55	50	44	61	48	50	52	56	66	47	54	59	65	60	42	47	44	51	55	53	32	57	65	54	54	58	54	72	65	51	52	56	51	54	52	61	47	61	58	54	62	38	57	64	71	41	54	54	49	66	52	42	59	60	70
56	65	48	65	38	57	47	71	56	60	61	51	54	76	61	51	46	44	68	46	64	59	57	55	54	60	54	66	55	61	60	47	63	63	54	55	59	48	40	54	54	58	53	53	50	51	49	52	57	51	56	46	54	50	61	59	65	34	40	64	48	47	65	52	34	48	45	46	65	60	57	59	48	65	42	48	54	55	72	56	47	48	46	46	69	47	65	57	61	45	46	62	58	68	50	45	61	52	41	57	56	60	46	58	54	51	45	59	57	46	61	75	43	50	50	54	51	63	58	57	56	62	68	65	52	58	51	57	55	56
45	59	54	51	48	66	64	56	57	49	69	51	54	66	51	60	58	49	65	51	52	50	54	60	36	62	69	49	54	61	57	41	65	48	45	52	68	55	58	47	56	51	56	54	57	45	42	51	60	43	49	58	43	62	72	61	46	44	41	62	48	58	50	45	42	49	55	42	61	50	55	55	54	62	51	44	57	63	49	47	50	61	57	46	45	49	52	61	56	56	58	54	69	78	56	51	44	54	70	53	54	47	50	49	51	45	64	50	67	53	51	52	52	66	78	52	68	66	64	56	50	63	49	50	57	65	49	42	62	58
66	57	53	61	53	52	52	53	60	47	69	54	54	66	55	51	58	37	48	54	55	68	52	70	66	73	46	53	54	53	64	51	72	59	54	39	47	52	40	45	59	47	70	40	55	44	43	62	59	56	53	46	41	57	75	51	46	46	54	53	38	59	48	43	64	58	53	56	60	54	52	61	63	57	57	54	54	50	53	59	51	68	61	54	53	52	47	41	71	50	56	56	63	59	47	50	56	42	56	57	56	56	57	52	66	47	67	53	66	60	59	64	62	61	58	71	52	45	46	50	56	55	59	67	43	66	52	49	65	58
48	64	55	58	68	58	54	60	54	53	63	47	59	58	62	53	79	67	61	50	59	60	57	68	64	53	45	48	62	42	60	55	60	52	47	61	51	75	58	54	58	58	66	39	60	56	61	53	67	60	61	50	59	53	60	58	41	50	50	65	35	48	43	56	42	63	50	58	57	61	46	63	55	50	48	61	54	52	58	56	41	54	55	50	66	62	46	42	57	56	50	59	62	49	39	48	53	48	46	49	59	55	40	45	51	54	64	56	62	56	45	67	64	56	60	58	72	67	38	58	63	55	56	62	54	55	59	45	58	55
53	62	59	67	49	52	46	51	34	37	66	53	65	64	50	59	60	77	55	60	55	53	68	66	53	54	52	53	53	54	59	50	58	50	68	55	59	55	61	64	37	63	56	52	48	59	68	68	57	50	56	52	51	51	57	45	42	52	69	44	51	58	58	52	44	40	55	55	56	67	51	39	57	54	48	43	64	62	58	40	58	54	57	49	47	49	58	47	59	52	59	41	58	45	44	48	49	57	42	45	47	66	52	58	66	67	56	58	59	63	49	54	54	54	63	55	54	54	56	62	73	42	59	50	59	60	52	57	68	53
53	48	46	47	48	68	60	62	41	55	53	62	54	51	46	50	56	59	63	62	68	52	61	51	60	55	57	48	48	63	54	52	55	47	58	63	43	63	51	50	64	67	45	61	42	66	55	47	59	59	62	57	62	72	64	45	36	59	49	51	65	61	49	63	53	54	61	43	55	47	62	50	61	49	47	52	48	51	40	49	70	54	53	54	42	51	49	56	56	55	58	57	58	49	54	52	68	65	57	48	45	66	45	49	62	47	54	55	61	54	42	61	52	56	55	56	55	53	59	63	58	59	49	52	40	65	55	51	57	62
47	50	53	43	56	68	59	53	59	59	50	50	43	42	49	59	53	66	58	61	70	62	55	53	55	63	58	54	70	59	57	57	61	50	54	48	59	50	59	45	37	59	54	64	59	71	75	52	59	61	70	76	76	45	68	53	45	50	55	58	56	40	53	57	51	54	51	48	53	46	45	42	40	59	57	68	53	45	63	51	50	57	43	49	63	61	64	59	62	50	44	63	56	48	54	48	53	52	40	44	51	59	67	57	53	49	53	44	39	45	54	67	56	58	62	58	70	45	41	51	52	46	49	69	51	55	63	63	51	58
35	69	59	54	51	35	66	64	52	51	51	59	62	59	55	53	43	53	54	64	56	61	48	55	54	55	72	61	44	45	54	49	57	54	56	69	53	55	55	58	62	55	66	56	59	62	67	59	58	46	50	53	49	53	38	54	60	52	45	48	64	48	50	50	46	61	52	43	55	48	49	51	53	61	49	56	63	57	56	61	49	42	53	53	59	46	55	65	45	49	44	56	34	68	49	48	52	49	54	47	58	57	62	61	61	58	73	41	52	53	50	36	62	74	67	55	72	58	68	54	62	46	51	59	61	55	63	54	64	55
55	58	57	56	75	55	60	56	59	65	57	52	57	43	49	47	72	57	70	56	57	55	50	70	58	64	48	51	53	60	50	68	48	53	52	62	50	53	49	58	62	55	57	50	59	51	48	54	45	50	64	58	46	51	67	44	60	67	51	49	67	68	58	59	52	48	57	51	56	51	49	48	57	62	51	48	48	53	60	55	58	58	43	56	62	58	42	46	56	69	59	56	60	48	53	48	52	50	55	63	63	52	78	48	49	66	50	55	57	57	52	57	48	70	62	55	52	59	56	67	57	61	54	59	65	49	57	55	59	47
56	54	59	56	61	56	54	63	55	43	64	52	69	60	66	45	43	53	52	59	61	61	39	71	56	53	62	61	66	62	69	56	55	56	70	48	45	53	38	60	56	65	63	61	64	47	46	54	60	62	49	52	66	75	50	43	65	69	74	50	59	61	58	47	53	37	53	61	47	60	54	65	61	56	46	40	57	64	49	57	51	60	53	46	41	51	41	44	60	67	66	50	49	61	44	58	46	50	59	51	42	62	58	61	51	58	62	52	51	48	43	48	63	55	59	46	43	51	52	67	45	50	49	61	60	47	48	44	51	62
54	60	65	49	59	56	55	67	52	55	49	58	61	54	59	54	62	43	48	59	68	59	49	57	38	59	61	64	48	60	56	57	54	66	61	67	46	60	55	54	43	53	42	58	51	57	63	57	61	57	50	67	72	65	63	64	53	48	53	58	45	48	50	53	58	52	59	58	57	57	65	57	44	57	49	52	52	50	63	61	56	65	55	53	47	46	57	66	57	59	53	44	54	48	61	60	62	42	54	51	59	56	46	42	66	56	62	45	52	69	66	56	64	48	47	46	52	50	58	57	64	49	50	49	51	61	63	48	64	52
54	57	49	46	55	44	67	61	51	60	64	62	47	61	58	61	63	50	50	44	54	51	68	59	64	47	67	52	52	65	56	49	57	55	68	65	52	55	62	52	42	64	48	50	75	46	55	63	61	46	46	51	60	49	56	55	48	52	65	53	56	50	50	73	56	65	55	46	54	49	57	50	62	66	55	51	53	39	59	65	65	68	50	55	56	52	50	53	63	69	50	47	63	55	57	61	51	62	54	47	64	47	61	58	52	48	61	61	53	42	41	55	53	61	63	60	55	40	53	60	63	66	72	68	52	49	49	65	55	59
62	52	63	58	66	60	60	54	61	62	55	44	62	46	65	52	54	55	52	62	59	56	62	38	62	66	70	63	47	66	61	53	60	57	55	51	39	55	52	60	48	59	57	61	60	55	44	66	68	48	45	59	70	61	46	51	49	58	60	59	44	53	64	91	58	56	63	51	59	54	50	62	41	44	47	47	61	46	55	67	56	45	62	47	48	38	65	47	62	62	45	49	60	64	54	60	54	64	50	51	53	46	45	51	54	51	55	58	55	55	72	54	59	73	71	62	58	60	62	47	69	58	51	38	40	58	53	53	40	55
57	49	55	56	46	69	53	56	60	57	60	60	51	49	64	58	52	49	64	63	46	51	58	48	53	60	53	48	61	47	53	58	54	52	62	51	53	56	46	57	59	48	61	48	57	47	67	69	58	58	64	59	69	47	57	51	59	51	69	51	58	48	68	52	54	57	58	66	55	56	56	54	34	53	49	46	63	50	57	43	58	53	51	48	50	59	39	58	72	56	43	50	56	56	66	57	62	64	50	48	50	62	63	61	52	61	55	52	53	66	61	48	48	59	55	60	57	55	52	64	65	52	54	50	54	70	55	47	58	57
60	51	49	60	64	36	51	54	51	52	48	55	56	57	59	45	59	49	55	62	57	59	51	62	61	38	64	53	50	64	59	66	53	50	58	55	58	46	63	57	46	45	51	62	54	58	56	55	46	50	49	48	72	52	49	56	60	53	60	41	38	64	54	71	56	52	50	43	65	53	54	44	44	50	53	54	59	57	61	50	70	71	42	54	56	59	57	54	58	37	73	61	46	64	47	63	50	60	61	62	60	43	62	61	42	57	51	48	48	52	57	62	40	64	57	57	50	49	64	56	70	54	60	64	51	65	27	45	55	49
59	58	52	56	60	51	58	61	69	65	58	69	70	69	52	75	56	47	57	64	43	49	64	47	50	60	48	57	62	47	58	52	62	59	67	49	63	50	53	57	57	62	55	68	58	44	44	48	55	43	74	52	68	62	59	49	54	60	53	54	48	62	58	56	57	59	42	50	50	50	51	59	58	52	53	55	76	56	62	53	46	54	50	50	49	65	41	62	34	39	40	53	50	52	53	63	65	43	61	45	62	71	53	48	56	59	41	38	49	44	41	46	48	67	60	41	40	51	51	46	64	40	69	62	49	54	53	50	49	56
49	63	48	64	62	63	58	47	64	50	61	62	60	69	70	58	59	66	52	49	66	57	55	52	35	54	47	52	62	60	56	59	68	57	47	49	66	53	67	55	45	63	56	70	50	62	43	68	64	47	50	66	54	49	50	60	48	47	59	74	44	54	64	66	59	60	57	53	55	57	59	42	75	55	52	64	71	53	43	51	61	57	66	54	75	66	57	53	58	46	57	48	65	50	63	58	64	49	40	61	40	55	49	57	51	49	53	58	50	58	58	44	56	54	38	52	53	64	71	45	52	65	55	54	66	65	55	54	57	46
60	57	54	64	57	49	60	60	46	56	60	65	45	59	61	59	50	52	52	45	41	60	56	45	91	47	68	47	59	53	47	52	56	63	59	63	46	65	54	49	60	61	67	60	61	68	53	61	50	56	58	50	60	50	61	58	57	56	49	62	59	60	62	59	53	68	52	69	63	56	59	60	55	57	63	59	57	55	54	60	55	49	52	58	48	57	59	51	45	55	43	65	61	46	59	56	57	61	57	65	47	67	49	44	47	47	64	62	58	60	53	60	46	62	45	61	60	71	60	54	49	46	55	62	52	46	59	59	54	58
53	62	59	50	45	59	57	56	63	62	60	58	58	53	36	48	71	62	59	56	74	44	58	47	61	55	52	70	54	61	70	51	48	52	40	59	55	55	48	42	67	66	60	72	57	68	54	68	52	62	60	70	46	45	62	54	66	61	55	50	64	48	53	56	61	41	58	57	53	57	62	63	62	55	49	44	72	53	58	46	54	53	37	63	58	56	46	50	45	53	44	52	65	63	62	55	56	49	54	53	56	57	66	55	53	45	61	47	57	47	57	58	73	53	58	54	44	51	54	52	58	47	48	50	59	49	51	56	48	59
45	52	59	49	52	65	59	75	51	39	52	59	57	68	67	59	57	69	47	41	49	58	57	55	58	50	65	58	54	55	68	55	42	57	55	57	55	43	56	41	52	58	53	61	66	40	55	56	53	58	43	56	57	59	53	45	36	45	63	54	49	61	40	73	64	53	73	63	71	62	59	54	51	54	62	70	62	58	51	56	49	71	59	51	65	51	62	59	51	64	55	68	61	40	62	58	57	60	58	48	67	57	52	56	48	62	62	57	61	54	55	46	59	50	55	68	59	71	50	53	52	41	39	57	54	57	46	55	37	62
57	51	50	53	51	52	61	55	54	50	38	63	53	45	67	54	47	58	66	52	51	65	54	49	46	55	38	57	74	59	54	61	59	55	46	58	63	49	47	51	48	49	68	63	58	75	74	53	60	48	50	53	58	50	69	56	58	51	64	50	56	47	51	65	48	68	64	40	70	60	59	59	58	61	56	54	69	65	51	70	66	54	44	67	58	60	52	64	59	58	59	58	53	53	58	69	54	50	53	58	56	49	61	55	56	57	62	62	67	54	65	58	59	57	62	51	54	59	61	51	47	58	54	56	57	33	51	48	59	65
60	63	52	50	59	45	56	66	37	54	48	48	69	61	55	48	48	61	61	43	69	51	55	63	60	59	68	50	68	76	66	58	53	57	59	47	62	63	49	46	64	49	50	73	60	65	57	69	69	60	54	53	49	53	53	66	51	59	52	51	59	45	68	56	55	46	59	55	48	52	49	51	54	59	48	68	60	64	53	61	53	59	57	58	62	45	57	54	67	52	49	46	60	56	47	51	56	69	60	72	48	48	58	58	59	53	60	43	63	50	60	69	54	56	57	66	49	44	54	40	52	64	51	51	54	48	53	45	54	59
63	57	63	62	48	53	67	55	50	47	57	70	61	58	61	55	71	43	42	53	74	71	43	55	29	65	66	56	49	50	67	69	52	58	53	48	54	46	63	66	51	65	59	55	45	61	62	62	62	56	60	49	48	67	64	56	55	50	54	56	52	46	54	62	63	65	68	59	74	58	64	58	44	62	73	55	69	57	60	43	47	45	59	71	45	59	51	52	55	52	49	57	60	50	45	57	35	59	62	54	53	56	56	46	52	49	61	63	53	52	51	53	57	68	49	45	63	63	46	46	53	45	59	53	53	51	54	45	55	50
54	53	49	70	54	57	49	52	42	44	65	50	59	64	52	53	59	65	63	68	54	71	63	42	68	65	65	53	49	62	50	46	71	46	61	60	57	46	36	43	54	44	64	43	50	54	53	47	55	62	50	60	45	74	46	60	48	63	56	51	58	59	51	53	64	61	56	54	65	46	72	63	48	61	64	55	57	69	48	42	56	40	51	70	54	66	54	51	55	56	53	59	51	49	56	53	67	64	65	60	61	57	43	53	46	51	48	53	44	61	42	66	59	51	54	52	71	50	54	53	48	47	56	50	49	65	62	62	58	67
63	56	61	54	57	54	49	57	51	50	49	51	70	48	46	58	62	66	53	41	53	49	62	66	57	55	62	54	49	58	59	40	60	60	47	48	58	54	45	73	59	37	47	71	57	43	59	55	49	53	46	48	69	52	53	45	58	53	40	59	61	49	57	55	53	63	49	62	53	50	42	48	63	58	33	59	60	58	69	53	55	53	52	63	65	57	49	47	65	62	51	57	63	51	65	56	62	62	62	48	45	56	57	56	42	42	44	40	49	56	43	44	52	40	60	59	59	47	51	55	59	50	47	53	56	50	57	67	45	63
63	53	55	61	51	47	57	53	66	71	52	49	69	61	75	55	75	74	71	56	57	50	65	64	54	63	54	59	63	52	50	55	64	57	62	60	64	75	57	61	58	62	59	53	50	57	44	56	49	56	52	53	52	52	63	51	66	54	55	48	53	57	54	60	64	56	54	56	61	54	53	60	66	61	53	52	61	62	56	59	52	53	51	57	68	56	59	48	45	64	56	62	52	71	61	56	45	51	61	58	54	65	48	46	39	54	55	56	56	54	58	54	61	49	55	71	55	35	48	67	54	61	62	54	41	49	60	51	59	69
71	57	66	43	54	44	48	56	40	57	51	57	66	54	51	55	64	60	58	52	52	63	59	51	62	61	45	62	64	49	52	63	46	55	64	58	54	64	52	47	48	56	60	53	59	55	62	51	38	52	53	63	63	48	54	44	65	66	63	64	61	58	55	60	47	54	59	63	62	62	68	59	49	47	41	55	66	60	59	56	41	57	57	75	71	51	65	49	62	59	53	49	62	54	69	53	64	57	51	48	53	63	44	49	62	78	67	56	54	50	53	57	43	53	52	49	49	36	51	48	63	45	54	63	49	56	52	52	56	55
65	53	55	51	72	60	76	59	54	56	70	60	63	58	68	67	57	64	64	62	44	49	54	63	38	55	62	50	57	63	59	45	76	49	73	63	51	42	53	54	50	53	47	53	54	51	46	69	59	59	42	63	50	61	63	63	73	61	67	55	67	51	43	57	42	57	55	53	60	71	59	49	82	54	48	55	52	56	53	45	59	67	65	68	64	66	48	72	45	68	59	52	64	39	59	57	66	60	64	52	66	64	60	62	66	55	54	60	62	38	43	44	56	55	52	46	59	64	55	55	44	62	56	60	55	48	74	47	55	65
69	48	47	45	52	55	70	55	49	55	68	56	52	61	48	52	55	63	62	55	65	58	58	55	64	53	74	50	56	50	70	46	57	54	49	56	67	54	57	58	52	58	48	53	55	39	43	50	54	54	63	66	60	56	51	66	53	41	60	56	46	50	69	62	52	62	55	65	60	57	47	62	54	58	48	53	59	66	53	52	51	57	64	53	59	75	59	49	65	47	46	70	58	59	61	66	63	49	60	62	64	62	52	65	51	45	55	60	58	63	45	44	54	49	69	62	50	53	47	50	61	60	56	56	45	48	53	59	60	55
67	49	45	60	40	54	56	50	67	53	40	58	63	64	50	50	55	50	47	51	61	49	58	48	48	58	52	45	58	44	54	55	49	65	57	53	59	70	61	67	57	49	60	50	74	61	55	58	63	57	52	49	54	62	45	60	51	65	62	57	70	66	52	59	52	62	60	62	61	55	47	72	51	58	61	61	59	62	48	51	67	51	72	50	46	61	62	57	50	49	52	50	56	53	43	64	46	64	55	53	54	55	44	63	63	59	48	47	52	52	45	68	56	44	53	71	49	39	56	57	56	45	63	57	54	59	49	43	54	51
67	48	58	43	64	63	56	52	54	55	63	47	59	45	63	49	67	48	58	63	52	53	67	47	65	65	62	52	49	63	44	56	46	54	62	58	56	49	61	69	59	57	63	55	59	48	58	58	39	48	53	56	58	63	55	53	60	69	54	60	54	44	60	56	47	58	63	77	65	49	56	64	66	70	61	54	66	53	59	59	59	52	62	73	59	54	61	55	50	57	69	43	53	51	58	66	47	56	54	59	43	46	57	65	68	58	69	53	45	56	65	50	61	43	52	52	50	44	49	66	64	55	60	55	58	57	61	56	50	62
57	61	54	58	68	51	55	68	52	49	45	66	56	47	53	57	67	67	55	52	53	60	61	50	57	57	59	46	51	65	41	60	49	50	60	54	45	68	72	55	54	57	65	65	45	54	54	57	62	47	58	63	52	64	49	58	51	57	52	54	45	68	51	55	66	57	51	47	75	52	66	55	69	50	56	53	60	52	53	54	63	51	60	64	44	44	56	47	63	47	72	60	61	56	48	75	55	50	51	46	54	68	61	61	57	52	64	55	52	45	51	57	64	70	49	48	55	58	44	51	52	51	41	45	41	56	62	53	55	60
50	46	66	58	51	55	68	54	61	36	63	69	64	63	66	48	54	47	45	46	53	51	52	64	58	47	74	59	63	52	66	51	48	51	57	56	54	68	53	67	74	57	48	57	64	60	60	57	53	55	56	55	65	67	43	56	44	72	46	50	45	60	68	54	62	39	49	53	53	58	54	63	55	46	59	49	49	40	47	56	46	67	63	56	56	61	51	43	59	42	44	64	48	48	44	50	56	54	56	47	70	67	64	58	67	53	46	45	45	66	64	59	58	54	63	52	45	59	63	52	55	44	69	57	45	58	57	69	64	50
48	59	53	71	50	51	62	50	72	43	54	53	65	60	46	63	69	45	67	55	62	52	59	44	53	46	53	50	62	63	50	58	61	51	54	58	51	58	54	60	54	49	67	61	66	58	58	61	62	52	58	65	56	52	54	63	60	52	63	60	58	63	55	59	56	45	62	46	60	56	48	76	68	63	60	68	62	49	45	66	52	71	43	49	51	55	46	54	66	66	48	56	67	43	56	53	56	57	57	65	60	43	65	56	61	54	59	57	54	57	53	40	47	51	43	58	59	48	44	72	66	50	59	66	48	50	60	55	59	49
56	42	52	54	55	57	47	52	60	60	59	44	54	53	60	57	53	67	63	59	63	56	47	51	49	46	55	63	59	53	58	68	55	55	61	57	45	41	62	67	69	58	52	56	56	64	61	52	51	65	55	63	56	59	59	55	68	56	59	52	45	51	51	55	47	64	58	47	70	45	57	60	57	54	55	49	53	55	61	45	54	61	63	54	63	59	49	43	58	53	61	50	52	56	56	55	60	61	49	61	48	61	63	59	47	67	48	51	55	43	52	50	54	58	59	58	57	57	55	66	60	58	53	63	59	59	53	47	59	48
49	62	53	56	54	61	62	64	52	53	60	42	47	60	48	59	46	57	53	52	71	57	59	61	48	57	52	60	62	53	52	61	50	47	68	57	52	59	61	61	44	67	52	63	57	61	52	79	64	52	50	70	59	53	50	57	67	44	60	61	61	55	40	75	48	56	50	56	58	56	58	54	42	58	53	49	60	64	63	58	66	61	59	70	56	50	59	52	65	58	70	52	60	57	53	65	57	60	56	56	67	54	64	63	63	50	56	60	43	52	60	49	64	50	59	60	55	47	63	44	61	72	50	63	51	46	56	48	73	68
58	70	60	51	71	58	51	45	62	61	67	51	48	57	56	50	54	47	54	52	51	52	58	42	55	56	47	59	67	51	59	63	55	58	59	45	55	65	59	66	65	49	66	61	43	71	50	52	46	56	53	55	50	64	49	59	70	66	53	64	48	54	49	47	55	62	54	52	58	57	58	51	56	65	58	51	50	44	51	60	49	71	65	81	51	66	65	36	62	39	58	63	50	54	53	58	55	50	55	54	68	51	51	66	53	57	59	57	51	51	61	58	72	63	60	55	66	60	63	66	58	44	62	57	46	44	46	62	58	53
71	68	55	62	63	60	39	53	67	52	65	49	55	59	58	55	59	64	61	55	68	57	54	70	64	62	66	43	67	55	57	69	57	47	62	51	52	62	62	38	64	48	52	54	59	56	51	60	55	40	59	63	46	48	49	54	66	49	51	47	53	55	56	53	61	67	67	56	61	52	59	47	56	51	55	47	54	46	60	51	47	60	52	55	50	50	58	56	54	64	50	55	50	55	59	60	58	62	53	44	50	51	56	47	56	54	54	64	56	52	58	69	57	60	54	66	58	51	54	68	70	44	61	54	51	49	62	46	47	48
54	59	65	60	56	60	46	67	43	68	60	53	44	58	61	51	55	57	50	47	44	45	47	48	61	41	69	61	40	63	57	55	72	58	62	52	46	51	62	57	66	62	60	50	62	59	57	52	71	48	56	53	50	64	51	49	61	54	53	55	55	58	50	63	54	64	62	58	37	56	60	55	46	63	62	58	49	60	37	61	58	67	55	63	60	59	60	54	45	61	55	47	56	55	58	74	59	58	59	57	58	67	45	54	59	56	63	50	55	61	57	53	58	58	69	47	51	58	68	69	50	54	78	69	63	67	73	74	64	52
51	47	51	64	48	45	49	57	51	52	58	60	57	58	49	58	57	44	47	52	53	64	53	46	64	56	48	49	52	62	57	46	56	52	46	47	50	60	59	53	71	48	61	66	51	64	58	57	57	45	53	49	58	60	62	48	51	66	49	53	66	70	57	49	65	55	53	68	59	59	46	53	57	70	62	65	57	53	51	61	53	50	51	47	72	70	65	41	48	61	65	72	57	53	70	68	67	63	56	72	44	57	49	59	42	50	61	43	68	66	58	58	72	58	68	65	62	48	57	58	60	62	48	76	48	53	61	49	70	58
68	64	67	55	57	56	54	74	64	58	61	60	57	40	54	52	55	55	48	69	62	42	55	60	70	60	53	59	67	65	72	50	63	56	59	53	70	48	49	62	50	77	55	52	42	73	56	54	52	55	58	62	61	56	57	49	53	51	58	52	60	57	57	62	39	48	57	58	55	59	66	68	44	49	72	70	57	41	54	50	57	40	54	52	50	51	47	54	46	51	48	60	56	53	56	61	62	59	58	62	66	39	59	49	64	59	56	73	57	61	52	58	48	64	57	59	63	56	65	43	66	60	65	67	36	76	55	48	37	49
52	50	56	65	54	73	58	57	68	59	56	58	51	50	62	55	62	61	58	59	50	60	71	47	58	43	51	61	45	64	57	75	52	59	73	57	61	78	55	50	35	66	71	61	46	60	57	62	68	62	47	50	57	64	45	58	69	58	49	60	54	48	41	76	59	66	54	69	52	46	59	45	60	54	64	68	54	72	45	58	51	57	48	55	51	59	55	48	56	58	52	53	56	60	51	53	45	47	68	51	63	57	43	50	48	59	57	64	65	61	63	53	45	38	62	61	52	49	65	59	59	62	62	57	58	65	54	62	59	69
45	54	89	68	52	43	58	59	60	58	53	64	45	54	47	53	55	62	39	58	44	69	56	47	50	66	62	66	57	62	58	51	65	62	55	49	56	51	62	47	51	52	47	59	57	44	63	53	61	56	59	63	62	55	68	54	63	59	57	50	51	53	63	71	59	55	68	52	51	62	49	66	61	64	62	52	52	46	71	64	57	62	46	56	48	54	56	67	42	47	57	58	59	57	70	42	58	54	62	63	64	68	40	58	61	57	54	51	56	51	71	56	56	56	49	52	52	59	59	60	45	40	58	60	51	53	57	55	57	61
47	59	48	58	52	45	62	61	52	56	50	56	64	54	48	56	50	75	61	58	66	63	50	59	60	62	42	48	54	56	63	50	50	59	49	55	51	55	59	51	49	48	58	55	55	56	49	45	58	70	54	54	67	52	57	56	59	51	59	60	62	48	47	66	53	55	48	54	48	51	67	42	75	78	57	53	59	57	59	64	57	48	47	64	60	49	60	47	51	71	62	62	50	44	53	49	59	48	60	49	55	50	59	67	61	51	66	62	48	43	41	53	56	56	49	58	66	56	54	50	61	57	55	51	45	60	49	49	49	47
56	63	62	54	56	64	63	56	59	47	56	53	73	51	55	52	50	60	59	55	65	55	55	59	59	47	57	59	56	67	65	53	50	56	44	64	62	48	75	58	57	47	42	53	52	59	44	68	49	60	52	40	63	48	71	43	50	57	46	37	52	55	47	47	49	51	58	56	60	61	57	57	54	65	45	34	57	64	49	45	52	67	66	59	74	63	53	46	52	57	61	56	54	56	54	62	47	53	52	61	62	59	51	60	54	73	59	53	54	55	54	65	65	51	52	61	61	51	68	59	56	65	56	52	64	56	52	68	67	54
51	49	64	43	65	56	54	65	73	49	62	46	60	62	59	47	58	53	67	33	67	62	61	60	50	44	58	50	54	52	68	59	63	57	46	43	58	60	59	53	58	63	58	75	58	66	44	43	61	61	56	57	62	43	46	50	39	50	59	45	51	53	59	55	50	60	55	59	52	54	62	60	55	57	63	58	63	44	49	74	32	49	64	46	47	54	49	70	63	58	57	60	54	50	57	59	69	50	59	64	71	56	62	53	64	48	41	65	61	60	53	44	59	62	54	52	55	52	52	59	66	59	69	48	60	57	65	60	51	59
44	46	62	64	68	62	58	64	59	60	50	54	55	46	59	47	55	70	54	65	51	52	53	55	56	59	54	48	58	49	54	56	75	51	57	44	56	58	50	54	65	47	71	74	59	59	59	68	58	52	63	60	47	51	45	57	76	47	52	54	63	63	57	66	55	59	67	55	60	73	54	47	59	55	71	53	51	58	57	58	65	52	59	61	68	47	64	56	63	63	71	49	57	47	62	65	59	44	50	54	50	50	59	59	51	54	64	56	66	54	65	65	53	49	55	47	62	54	54	42	49	61	55	53	50	65	70	44	48	64
49	66	53	58	52	49	50	51	77	64	58	67	61	64	56	57	59	46	49	53	55	60	45	59	72	56	66	56	71	65	51	50	54	51	57	51	48	68	52	53	66	58	63	64	45	77	47	61	55	54	54	61	44	60	48	61	48	65	57	45	53	75	53	62	54	43	60	59	56	60	48	48	60	41	57	56	66	47	52	55	67	71	51	48	47	55	58	58	54	63	55	56	65	37	54	46	56	50	40	57	68	46	52	63	58	66	73	44	47	53	59	56	64	71	60	75	73	58	55	52	50	51	59	49	51	54	58	67	61	49
44	67	57	54	65	63	53	54	55	54	60	50	70	61	53	40	57	59	64	60	60	54	57	52	58	48	52	48	70	68	59	55	56	54	58	50	70	53	57	58	70	49	45	52	61	60	55	64	68	52	65	55	52	54	59	47	57	56	51	47	52	55	57	59	59	67	66	71	64	54	46	53	69	67	46	55	54	55	59	63	62	57	64	54	65	53	61	46	49	61	62	52	45	46	50	58	46	49	49	43	49	66	50	56	57	52	74	45	58	51	64	56	49	62	53	57	57	68	68	54	55	64	60	59	47	63	59	65	47	69
57	56	61	43	67	50	60	60	56	59	72	54	72	66	58	62	71	63	58	61	69	63	62	56	52	72	56	50	70	61	55	59	60	66	69	58	50	51	57	61	60	55	51	55	62	55	42	65	58	57	64	61	60	47	54	65	53	53	46	49	58	51	58	62	53	65	66	52	54	41	61	52	61	51	46	46	56	52	65	63	50	57	43	65	46	50	58	52	48	72	51	58	64	55	43	54	42	55	55	63	54	58	67	52	52	69	44	62	39	69	50	50	58	51	68	51	64	47	53	47	50	47	61	36	59	71	65	59	48	50
56	59	57	56	59	45	61	75	59	51	44	66	50	51	55	64	67	53	67	56	47	54	67	57	54	54	69	42	56	50	61	55	48	59	53	52	64	65	59	45	52	66	54	63	60	50	53	57	56	45	54	58	63	48	51	49	53	60	80	53	53	61	53	59	53	52	47	56	45	54	58	49	67	47	56	55	44	47	45	64	40	38	53	42	65	67	41	45	48	46	60	46	64	66	62	56	58	49	46	52	61	52	57	54	56	59	54	52	52	51	69	47	45	65	51	59	48	60	61	61	49	53	76	49	52	57	55	63	57	59
47	47	36	64	55	57	60	49	61	62	45	66	64	56	58	61	62	58	52	49	46	60	52	51	46	44	67	63	53	56	51	49	58	54	58	51	50	63	49	49	45	59	47	78	56	64	55	64	63	46	57	53	50	56	49	63	50	69	56	56	48	45	63	51	38	75	48	61	52	50	54	37	57	66	55	52	54	60	62	56	49	55	68	50	51	62	65	60	67	67	46	54	50	55	61	50	63	61	63	39	54	59	51	61	52	58	44	60	71	60	40	51	53	46	51	49	47	63	50	60	70	43	43	66	65	52	56	54	50	59
57	54	52	68	49	69	55	68	49	53	66	59	58	51	46	49	61	56	71	61	76	73	54	68	46	46	63	58	60	63	65	51	62	53	65	57	59	50	50	42	60	70	56	57	59	63	52	61	54	73	54	52	66	64	59	65	48	63	54	68	51	64	68	71	63	51	45	38	64	57	47	64	58	53	57	51	50	71	64	45	54	64	61	64	55	70	46	63	50	72	72	51	60	61	62	59	59	52	61	74	70	60	62	66	55	62	48	54	69	64	60	44	53	63	66	46	52	57	49	56	51	47	62	61	65	55	60	54	66	64
68	60	74	57	57	52	59	53	56	51	51	46	59	66	49	47	46	64	50	66	61	68	61	59	46	51	55	56	49	39	47	59	62	50	49	55	57	56	50	56	64	64	55	59	64	58	62	73	50	56	60	62	56	47	53	59	59	50	45	48	55	70	51	55	58	54	75	62	46	42	61	65	58	57	61	60	63	54	46	58	51	71	55	58	61	66	48	66	52	59	57	57	51	59	67	69	65	63	56	58	40	49	54	55	52	69	47	53	49	56	50	60	59	67	51	53	61	45	74	71	53	54	43	45	58	65	55	46	49	54
51	66	67	56	61	46	53	62	53	56	49	56	60	54	49	82	46	51	59	54	56	54	48	63	70	63	57	65	50	50	63	59	58	63	66	52	54	42	66	46	44	61	62	65	51	62	53	60	52	50	55	56	63	53	51	62	60	55	57	50	65	68	58	54	53	40	48	56	45	57	58	55	53	63	49	63	55	46	50	49	57	60	43	61	70	55	40	63	62	70	50	51	53	71	59	46	75	51	56	68	52	63	39	49	58	57	63	52	57	48	68	61	49	70	64	44	56	52	58	52	53	60	59	68	54	62	50	66	61	60
58	48	57	49	58	68	65	69	52	46	47	63	53	48	62	55	54	44	60	58	71	50	63	62	62	47	56	54	77	62	46	52	56	73	54	66	51	62	55	51	60	68	59	60	59	58	41	53	44	59	51	61	43	64	72	71	51	53	50	51	56	49	53	59	59	62	50	46	60	47	47	49	40	60	46	80	60	57	48	52	52	58	63	53	54	76	48	51	55	59	55	60	65	61	65	53	61	54	44	69	55	59	56	64	64	71	63	53	40	58	81	59	57	64	57	65	53	50	59	62	46	60	53	52	54	59	53	60	57	56
46	48	59	53	65	59	47	51	50	49	53	63	41	60	54	53	59	48	57	65	61	70	64	52	48	44	65	57	59	60	53	62	50	50	57	59	57	51	67	61	50	53	54	65	53	67	63	57	40	54	56	46	52	55	72	80	44	51	66	55	60	68	52	58	66	50	71	73	51	61	54	67	60	61	66	63	80	65	54	52	61	49	53	57	54	61	45	60	52	50	62	57	61	36	54	47	63	59	61	66	50	58	45	55	48	47	42	54	63	45	53	52	61	58	66	58	57	55	57	60	61	54	48	70	54	63	57	52	53	58
81	48	43	54	66	49	47	58	54	58	59	70	54	48	56	59	60	53	70	62	55	58	48	48	59	41	46	58	52	62	60	63	58	55	58	63	56	63	47	52	48	47	56	60	62	61	68	62	71	63	54	64	55	47	60	56	51	66	48	58	47	44	54	69	65	60	55	55	57	47	63	64	55	48	62	53	52	55	54	56	68	58	50	64	60	57	44	61	61	43	58	70	67	57	53	42	67	44	65	60	59	43	61	59	66	48	58	61	52	57	45	73	59	65	54	46	60	67	51	57	60	59	55	59	52	69	65	68	71	44
59	62	71	53	65	62	66	53	54	54	52	55	46	48	58	68	63	66	57	49	59	47	61	66	59	67	46	61	57	57	55	59	64	55	61	47	60	50	58	57	57	42	52	66	52	44	52	58	58	49	50	53	47	61	58	56	51	66	64	61	68	45	46	57	50	61	47	33	65	69	45	55	55	69	49	76	58	52	71	52	51	63	60	52	53	51	58	61	61	58	53	53	67	66	70	68	48	67	61	59	69	75	57	63	55	52	67	53	53	43	54	55	42	63	63	76	63	66	60	66	54	63	58	61	47	60	53	49	51	58
62	50	50	59	55	57	53	66	61	56	60	56	41	50	70	62	57	48	56	56	68	56	47	64	76	60	61	62	57	54	60	52	64	63	58	60	57	63	53	57	52	56	53	56	54	50	65	55	79	75	56	59	50	55	49	56	60	39	48	43	63	69	62	60	54	67	45	52	51	50	52	57	55	52	60	64	57	75	61	63	60	65	55	56	56	54	48	48	43	74	49	54	43	49	60	59	58	73	50	51	60	56	57	57	57	48	61	53	57	49	68	48	63	53	66	45	49	63	51	62	48	59	52	54	62	69	53	65	48	53
42	54	63	58	58	63	63	40	62	64	56	59	68	65	62	61	54	63	63	54	50	49	48	64	55	58	66	66	49	59	63	62	80	54	61	48	65	62	56	71	50	63	55	56	43	65	51	63	55	55	62	63	52	69	67	52	60	58	60	54	59	49	67	46	50	49	62	61	59	54	57	59	62	59	49	59	50	73	61	58	45	56	45	55	44	58	51	73	65	53	42	58	50	44	51	68	53	57	57	55	50	52	40	73	68	49	60	51	60	50	58	64	63	63	60	49	42	56	54	48	56	57	67	63	50	59	52	62	59	70
59	61	59	54	58	60	50	44	71	55	68	62	61	63	66	60	50	63	46	55	48	55	66	63	67	50	57	50	53	51	60	44	55	66	55	61	61	53	51	57	57	52	53	55	50	55	67	50	66	49	55	57	54	64	59	49	53	60	74	59	64	67	48	46	58	54	59	41	60	57	44	67	64	57	48	61	49	58	50	42	49	52	53	53	58	41	58	49	57	52	62	48	53	66	44	64	60	43	53	72	50	61	70	37	60	52	58	47	58	65	47	62	63	50	58	46	60	53	51	43	46	47	60	52	52	62	45	53	53	66
48	66	57	64	45	45	61	51	64	52	49	80	64	47	67	64	68	61	67	45	66	57	48	53	60	59	58	56	56	50	62	58	56	52	57	61	52	67	50	47	42	56	64	53	64	51	64	59	47	45	55	63	54	69	63	54	64	48	56	49	45	59	59	38	51	63	64	63	58	45	53	60	63	74	54	55	41	50	52	51	55	71	60	53	54	46	51	65	57	52	67	57	51	64	45	68	43	52	43	55	69	61	52	42	49	70	64	58	61	53	55	42	62	65	53	55	60	62	63	49	61	62	62	52	77	54	59	56	52	57
45	49	43	44	45	58	53	67	53	67	43	58	73	53	51	68	53	46	61	50	53	49	60	57	53	53	57	67	49	55	57	55	60	62	48	51	61	45	66	62	59	72	66	60	62	64	52	60	56	67	42	48	55	63	66	56	37	67	57	50	61	57	53	49	55	51	49	48	58	41	61	62	57	36	55	60	68	49	55	62	54	48	58	67	61	66	52	62	66	59	46	56	62	55	66	53	51	59	57	54	69	54	51	56	57	50	55	58	65	52	63	60	54	52	56	64	60	62	55	44	58	52	60	45	54	57	65	61	46	56
57	68	65	66	52	57	48	64	48	60	80	45	66	52	53	46	63	65	57	50	73	58	59	53	45	49	59	51	53	67	55	61	59	59	53	43	73	51	48	59	48	32	40	41	49	54	52	63	63	59	60	50	59	58	52	63	71	64	51	65	58	69	50	55	48	43	46	54	57	54	48	67	61	69	58	54	48	64	55	55	59	49	43	50	80	62	58	61	55	46	53	59	42	45	40	55	67	65	47	53	68	63	64	57	65	61	53	63	57	55	65	57	65	70	63	46	70	49	64	55	55	59	50	46	54	60	53	52	58	62
57	51	61	61	54	49	54	59	49	50	47	55	61	68	63	59	51	56	67	45	62	64	54	66	61	45	49	53	65	59	55	53	61	56	47	52	64	56	60	58	60	48	56	64	56	53	51	42	61	58	55	56	61	66	53	68	51	59	57	55	43	59	54	49	49	52	56	59	59	52	48	52	48	57	59	44	52	57	60	52	48	55	59	58	47	64	51	57	53	61	46	58	58	49	54	51	68	51	42	59	57	50	69	57	55	55	58	60	60	66	49	52	47	54	63	66	59	39	68	61	49	59	58	45	57	63	62	67	65	54
57	54	63	58	59	52	61	63	62	48	47	56	60	48	45	57	51	53	59	52	52	53	55	59	58	63	47	56	48	36	55	49	53	59	66	51	69	56	72	70	76	52	69	48	51	63	53	69	54	44	41	71	54	53	53	52	47	56	47	41	54	55	57	48	64	50	67	56	69	58	60	47	49	63	53	57	55	53	58	50	66	67	46	46	49	51	54	57	72	60	46	52	52	54	55	48	52	47	60	74	54	53	60	54	62	55	70	51	65	43	62	58	50	66	62	39	62	65	66	61	58	62	55	57	49	71	63	61	49	58
47	69	58	76	59	59	63	67	61	66	59	65	56	55	46	57	61	62	57	32	76	67	58	54	67	50	45	49	62	60	55	56	54	64	51	65	56	60	53	42	57	42	53	47	57	42	52	52	56	61	48	59	51	54	49	58	60	59	47	67	48	52	72	53	62	53	50	68	52	52	63	57	43	54	60	37	49	43	53	57	51	72	52	58	53	45	66	54	55	47	47	56	57	52	54	50	48	52	66	60	46	51	57	58	43	65	75	42	50	47	53	52	69	56	39	58	53	68	52	52	59	57	62	55	59	60	47	58	63	55
46	56	55	71	55	53	43	58	54	64	50	64	62	60	72	50	60	45	48	57	52	54	53	63	60	64	53	61	47	54	59	68	61	63	61	59	52	56	59	67	56	52	50	56	67	65	53	61	62	73	56	48	60	55	64	48	52	57	81	61	58	51	50	56	64	59	57	66	64	63	56	65	37	50	66	52	65	61	53	47	49	65	47	45	61	56	57	53	59	61	48	54	63	60	57	56	57	47	52	59	63	54	59	49	45	68	63	72	56	61	48	64	62	39	46	45	64	57	70	54	53	56	47	62	57	55	53	56	67	56
57	61	50	65	55	47	62	64	60	48	60	54	47	50	54	55	56	42	56	56	55	50	58	60	60	56	41	54	61	53	62	70	48	64	59	53	49	59	70	47	53	53	50	61	53	42	71	63	66	56	38	53	57	51	63	41	46	53	53	65	54	55	54	66	49	47	53	52	51	58	67	42	56	65	69	56	57	54	72	61	65	52	53	56	48	46	51	61	57	38	60	46	49	64	72	61	69	41	65	48	55	58	68	56	70	54	58	56	38	38	57	46	52	68	48	59	60	53	61	62	49	63	64	74	59	46	60	45	41	47
53	63	57	48	60	44	47	65	51	49	72	55	45	58	56	65	42	56	53	68	44	57	47	40	67	57	56	62	72	61	57	51	64	59	56	51	50	52	65	51	44	56	50	49	64	56	64	44	58	60	60	62	70	61	50	43	65	52	47	63	54	58	62	63	55	45	65	49	56	58	71	53	49	63	53	41	49	54	59	45	48	53	60	64	52	57	50	48	44	57	55	58	46	60	56	61	56	57	51	64	76	63	57	60	46	52	61	50	56	56	52	61	64	49	73	47	59	57	49	56	58	58	65	51	61	55	64	45	56	47
60	51	65	51	65	67	64	60	60	59	56	53	63	62	76	67	47	65	53	55	57	47	76	54	60	46	57	54	45	59	64	55	62	58	53	45	56	58	63	42	50	69	43	79	58	52	56	44	64	67	62	49	52	56	53	59	54	55	45	43	59	61	43	63	56	64	47	64	61	60	65	55	66	58	55	62	57	54	49	55	53	64	60	54	67	74	63	63	61	57	53	47	48	45	59	50	60	51	61	58	70	41	48	51	39	58	58	59	57	57	46	61	58	55	63	60	49	62	62	42	44	55	48	56	59	49	48	60	62	60
44	57	49	66	54	64	58	63	57	61	56	53	47	64	56	53	55	71	61	59	60	56	55	51	52	59	62	63	61	56	81	47	48	52	63	58	52	68	60	57	55	60	67	71	44	61	53	61	45	58	60	65	59	64	45	66	63	52	53	48	56	67	48	53	46	60	41	52	53	51	68	61	70	70	56	66	61	61	59	54	65	69	61	58	58	57	59	55	58	42	49	47	51	60	52	51	63	48	60	58	53	64	60	48	65	43	57	53	54	72	58	60	54	52	56	66	49	62	59	59	65	49	58	55	55	49	50	47	44	59
45	65	53	47	58	56	58	52	57	62	65	54	66	50	62	42	50	55	56	64	71	53	51	52	84	48	52	54	56	56	38	48	55	45	66	62	46	49	61	63	61	62	61	52	63	79	60	57	52	69	52	58	54	55	57	58	48	63	60	43	52	56	58	50	52	56	46	65	68	51	48	53	54	54	60	61	63	48	62	58	64	44	49	65	53	67	49	52	65	48	46	66	55	58	45	51	49	66	50	48	64	67	60	52	49	54	53	58	64	64	56	60	54	55	52	50	58	74	54	61	63	62	52	51	50	54	52	45	53	55
58	58	57	49	72	56	60	56	52	53	55	51	53	47	72	61	48	56	49	45	71	56	57	56	47	57	52	72	55	57	49	63	58	55	53	52	64	54	48	49	52	66	58	44	58	58	52	49	54	64	51	58	54	52	60	57	50	53	46	47	46	58	53	58	58	50	64	56	54	50	52	48	73	60	58	57	61	54	48	60	49	57	58	46	55	66	54	58	65	66	61	60	61	59	57	53	46	59	56	54	65	48	65	64	43	48	64	50	51	44	61	50	69	54	61	62	55	59	46	66	48	54	53	56	54	67	42	58	58	57
52	54	52	64	56	54	60	49	54	64	65	58	54	56	62	66	64	52	56	52	68	59	54	50	52	46	60	57	63	51	59	72	49	46	50	62	56	62	52	55	73	59	65	69	68	49	64	50	60	52	48	47	61	50	39	61	63	59	51	55	56	52	57	51	57	60	57	52	53	54	52	57	59	57	48	56	39	64	53	52	62	77	45	59	76	61	57	59	57	54	43	58	48	53	43	57	56	59	58	54	64	70	50	57	59	61	55	60	53	42	67	67	51	70	55	72	62	58	50	41	53	67	51	55	53	59	61	72	58	77
59	55	60	54	55	58	70	63	57	56	52	68	57	46	65	55	56	55	64	48	70	52	65	62	71	56	54	69	42	61	70	49	53	60	64	50	57	60	55	53	63	56	60	53	59	47	49	44	61	72	69	60	72	56	55	49	68	53	68	48	65	44	52	47	60	53	67	62	49	54	53	60	61	59	46	51	52	38	54	60	70	55	65	58	50	61	58	62	57	64	63	60	40	65	59	55	60	49	55	62	66	36	47	66	53	57	64	53	61	56	57	64	65	60	55	59	62	51	59	71	60	67	59	57	61	57	52	63	61	61
56	64	72	64	57	48	58	62	65	53	41	54	48	58	50	62	52	62	53	65	57	60	45	41	58	47	51	60	55	55	49	50	62	61	59	52	72	67	59	47	67	64	41	50	60	59	53	54	67	56	52	62	46	64	58	65	63	53	56	47	59	60	69	67	49	63	59	50	51	53	63	66	50	51	56	58	48	70	49	57	55	59	48	57	57	61	49	59	64	43	50	59	45	68	59	65	61	56	72	71	59	62	57	65	63	59	59	62	60	62	63	60	51	46	64	45	60	56	53	59	60	58	53	44	56	48	60	74	64	65
62	43	69	62	52	53	50	58	66	57	57	63	43	62	71	49	67	54	57	56	43	55	52	55	58	59	61	57	49	58	65	54	51	61	68	62	47	64	58	52	48	54	44	67	50	50	61	47	73	60	59	43	67	63	59	66	61	48	57	39	55	66	72	48	56	59	46	52	63	55	45	48	61	74	67	53	50	50	65	50	57	50	57	57	53	61	61	54	60	62	59	52	84	51	54	51	52	74	52	68	56	60	62	63	65	70	57	57	64	49	46	65	72	61	50	63	55	53	50	60	54	49	45	59	52	68	49	56	47	55
52	51	40	61	61	51	62	51	56	53	51	52	57	53	56	70	61	57	44	56	56	53	44	47	69	76	55	55	67	57	54	70	45	60	47	54	55	65	49	73	59	58	60	52	59	69	56	53	57	44	47	53	52	61	63	77	48	55	62	53	63	65	57	63	57	64	57	65	67	51	51	50	51	49	55	59	55	53	49	57	54	56	72	44	51	44	57	40	52	61	59	53	65	63	54	49	70	64	65	53	50	48	61	69	52	49	55	57	54	65	60	63	70	54	50	56	53	57	67	54	68	49	56	58	45	65	61	45	47	57
67	40	69	65	49	72	46	62	56	71	63	57	48	62	49	58	52	53	51	53	59	55	65	55	50	48	53	41	59	63	57	52	59	64	54	56	49	48	59	45	60	54	68	67	58	44	60	57	44	48	58	51	62	54	47	62	52	53	60	54	53	41	61	61	51	48	51	44	55	50	51	70	45	60	51	51	64	58	50	64	55	52	42	55	63	57	47	68	60	51	57	52	66	65	53	51	53	60	51	55	68	53	44	52	64	61	58	61	45	68	56	65	50	64	53	63	58	54	52	62	53	47	55	58	69	55	53	62	50	54
50	54	54	49	49	55	62	51	67	59	49	58	53	55	62	59	50	82	45	57	40	56	49	59	57	48	64	66	62	54	58	53	56	61	62	56	60	52	48	78	54	54	61	67	59	61	56	58	63	70	48	54	56	62	50	64	64	55	54	65	56	57	61	53	64	48	60	46	45	63	51	51	66	56	62	51	54	64	50	62	65	63	58	40	59	60	58	58	71	64	56	48	51	62	58	64	53	50	46	65	63	50	58	51	46	39	57	41	70	61	68	60	51	59	59	59	59	64	49	46	67	47	60	59	57	56	54	49	71	58
68	51	50	48	61	51	60	51	62	56	58	52	54	56	67	58	44	54	56	65	58	71	73	73	55	49	48	51	64	49	49	44	37	64	54	57	60	62	48	46	40	49	62	52	59	47	60	60	53	54	59	51	50	59	68	52	71	67	46	56	60	60	68	66	55	54	47	53	62	64	57	53	53	44	63	48	62	56	58	64	67	55	58	52	60	57	63	51	57	63	59	58	48	43	46	64	51	64	60	54	52	59	69	58	62	62	51	59	44	46	49	46	59	57	65	49	78	63	63	53	65	58	46	54	58	62	54	50	63	45
50	63	48	37	67	48	60	71	53	42	50	57	64	61	55	52	65	51	58	66	61	64	58	51	57	53	64	55	53	72	51	56	52	62	62	59	46	65	66	51	46	51	44	45	53	66	56	57	53	49	76	62	66	54	51	56	65	54	52	58	62	43	61	59	73	65	44	43	67	62	63	59	56	61	64	50	68	65	56	49	55	45	61	66	45	80	63	56	48	61	49	57	58	46	43	57	69	57	66	62	70	66	49	65	62	59	54	59	55	61	53	37	56	64	70	56	53	60	60	59	52	69	62	76	52	66	61	63	57	66
58	49	55	55	45	59	56	54	49	50	50	52	54	56	57	61	51	63	60	56	60	58	74	44	60	72	56	44	59	53	54	60	48	47	68	53	63	62	53	64	77	61	63	54	62	57	52	67	51	64	61	65	62	46	58	53	74	56	62	52	64	71	63	58	49	66	53	55	55	55	58	57	60	57	67	52	55	50	57	50	62	59	52	55	63	53	48	54	67	62	56	54	49	74	49	54	58	55	51	50	46	54	61	59	72	56	66	52	67	60	44	52	58	57	54	63	48	58	59	58	51	56	44	58	51	49	62	55	69	47
60	52	58	51	54	51	55	46	54	57	57	55	47	53	52	63	48	55	49	51	53	52	68	52	57	52	70	54	62	49	65	62	43	48	54	69	80	59	52	66	53	50	69	54	60	57	58	63	58	70	54	62	51	67	65	64	51	52	48	54	44	72	58	53	66	60	57	54	58	58	60	53	64	56	47	52	45	49	46	42	54	63	71	57	58	52	69	53	56	46	58	57	58	55	60	51	57	62	52	48	59	46	55	54	50	58	52	62	61	64	69	72	54	54	47	48	58	44	61	52	47	67	59	58	65	53	63	56	54	69
53	59	55	58	53	49	72	53	71	43	55	63	53	49	48	42	55	51	73	49	49	59	63	52	54	64	59	69	52	55	67	62	67	57	65	62	68	64	55	61	55	63	58	60	47	42	58	49	64	63	54	54	68	58	50	62	47	57	68	65	61	54	61	65	57	53	63	53	48	55	67	64	45	44	50	56	55	45	60	59	60	46	57	45	54	52	71	65	55	61	64	63	59	49	55	68	55	38	64	66	59	50	51	61	55	71	66	56	55	59	68	55	41	65	61	48	65	70	50	56	46	53	61	67	68	61	50	52	57	53
53	52	52	56	67	52	66	60	70	44	51	61	63	56	66	57	56	59	63	47	62	72	60	52	68	57	45	49	60	65	52	47	56	57	48	60	63	58	56	59	55	65	62	47	49	46	41	53	57	70	59	65	64	69	59	52	64	57	46	63	46	63	61	66	59	60	56	51	59	69	53	62	54	48	57	70	53	67	50	40	65	56	58	64	60	54	57	52	49	60	62	63	59	62	46	72	49	68	67	41	61	49	55	57	58	55	54	49	60	62	70	65	58	59	44	53	60	70	56	59	48	78	52	42	57	65	54	64	51	54
54	59	59	44	56	40	50	51	48	57	53	54	57	70	54	57	43	51	57	55	62	54	52	57	56	50	56	56	54	47	46	68	42	44	46	64	49	52	49	63	54	65	59	45	54	60	51	63	42	69	67	55	56	60	52	52	63	38	47	61	52	42	63	62	48	50	51	45	51	55	69	51	55	49	67	66	44	55	61	46	75	49	58	74	56	64	62	56	69	72	37	68	65	52	54	62	47	57	56	58	56	52	74	60	60	68	54	61	63	60	51	67	65	65	49	53	45	54	60	75	65	55	62	59	63	42	73	53	52	55
81	57	52	55	45	47	58	47	57	65	51	54	53	45	56	52	61	50	50	64	48	37	58	61	55	50	49	46	51	43	51	47	59	36	60	65	57	67	45	56	61	61	55	53	60	54	64	59	60	66	60	52	64	59	48	68	56	52	50	70	57	49	54	73	61	50	56	61	56	64	58	52	53	63	46	49	54	47	50	62	59	64	59	47	47	54	66	74	47	52	69	55	53	64	50	58	41	66	57	70	57	72	64	57	58	54	38	54	61	52	73	59	58	49	44	60	44	63	61	55	65	53	47	52	58	59	65	61	63	61
117	72	64	73	69	54	56	69	55	51	53	67	55	48	59	45	55	51	40	51	67	47	53	47	64	82	44	50	42	60	50	77	52	61	51	64	67	58	54	68	52	53	63	56	58	65	58	70	59	45	48	61	62	43	58	65	56	53	59	50	56	61	58	45	67	51	48	51	54	60	75	44	49	56	52	56	55	56	58	49	55	68	56	74	65	48	51	64	59	59	70	55	56	55	55	48	51	44	56	44	53	61	70	55	70	55	59	64	50	64	53	45	62	51	54	51	47	46	65	54	67	60	54	53	56	66	57	56	61	43
36	44	78	78	79	79	67	56	52	55	64	54	52	58	54	59	62	61	63	67	40	62	34	60	63	57	55	41	60	53	66	48	68	57	53	56	51	49	51	66	52	54	57	54	58	61	62	55	47	58	61	46	45	59	59	50	48	70	61	58	57	60	52	60	45	55	51	56	49	59	51	49	60	51	70	47	54	55	53	55	57	63	48	53	58	61	63	53	60	57	56	40	40	46	46	65	72	52	69	46	61	63	43	43	63	57	56	51	60	53	38	58	57	58	53	56	73	57	43	54	62	48	46	66	59	49	62	52	45	54
25	7	14	26	47	67	63	73	78	52	54	53	60	50	57	66	62	47	50	55	47	54	58	58	56	46	45	71	71	47	51	59	51	53	56	54	65	47	58	48	68	61	50	52	58	60	55	66	54	61	63	56	65	57	65	57	52	48	51	55	65	51	47	55	49	56	61	50	56	51	51	60	64	58	71	56	58	48	62	63	56	50	58	52	59	59	50	51	58	44	59	46	52	62	55	67	59	64	64	56	67	61	54	60	55	56	47	43	43	54	59	62	52	55	40	59	58	49	61	50	69	55	59	54	58	54	48	52	69	51
33	14	17	10	14	18	31	42	56	67	104	73	70	76	59	61	65	69	64	50	61	56	55	48	55	63	63	65	48	51	53	45	51	50	53	45	56	60	45	59	52	48	62	57	53	51	65	55	52	52	53	56	47	54	62	56	62	60	72	63	52	75	54	55	56	61	47	46	48	52	53	51	59	53	53	51	64	73	45	49	55	42	61	56	59	56	64	50	50	47	52	62	58	73	54	58	61	53	58	62	65	52	48	62	48	67	49	67	59	57	44	55	46	56	54	65	47	53	50	66	60	56	43	61	46	63	58	54	53	58
48	31	16	18	23	17	8	10	15	34	52	62	87	91	78	81	84	62	52	70	56	41	50	49	47	37	51	48	45	48	63	39	51	65	61	59	60	60	60	61	55	48	62	43	50	69	50	53	54	59	55	59	47	44	58	59	42	62	50	52	49	56	79	62	49	57	61	61	38	52	42	57	61	64	51	43	43	57	47	48	54	49	62	60	48	60	59	53	46	51	47	52	63	51	52	56	52	62	61	75	57	52	68	55	58	58	55	50	52	45	64	48	68	55	58	66	61	49	55	58	58	56	67	51	71	55	56	61	70	56
43	31	45	23	61	33	17	13	15	10	9	16	24	60	42	69	100	97	89	55	53	61	61	70	55	50	45	45	61	54	50	62	52	49	50	68	45	47	67	59	52	38	55	57	54	54	68	59	41	49	59	67	54	53	53	52	66	55	63	55	67	60	58	52	60	42	51	59	65	64	49	53	60	44	60	61	46	59	56	54	51	62	48	57	48	66	52	54	41	54	51	66	72	58	39	48	72	59	64	61	58	59	61	59	64	46	51	49	59	60	55	61	67	76	60	66	57	58	46	69	64	62	59	61	49	47	49	50	50	59
19	39	25	24	33	28	29	19	19	16	24	11	10	8	12	21	34	57	89	86	85	67	64	69	63	52	54	74	38	53	50	47	51	54	64	66	63	47	54	51	69	47	61	50	68	62	56	57	49	60	52	53	53	55	53	54	60	62	65	62	74	65	51	67	36	69	48	64	57	51	64	69	53	50	44	64	58	54	54	57	55	61	65	52	62	67	49	44	66	57	50	63	51	68	51	63	52	61	65	55	55	42	49	51	66	41	64	57	51	67	53	55	64	56	42	48	58	65	52	53	42	49	51	51	63	54	44	60	56	49
27	21	28	33	32	27	28	32	24	24	18	26	12	7	11	9	8	15	32	38	45	87	100	95	107	82	58	70	56	63	56	47	61	68	58	51	60	74	49	50	61	55	51	57	53	50	55	50	53	44	51	54	63	60	44	54	52	64	59	52	63	63	70	61	53	54	48	56	57	54	59	60	60	61	54	68	68	55	51	52	50	42	54	51	58	52	60	52	50	50	60	67	73	61	72	55	63	61	64	61	58	61	60	49	57	53	59	53	55	55	52	63	52	59	68	51	60	63	45	55	61	49	49	54	43	64	55	65	61	53
18	25	22	25	18	30	22	35	28	54	45	29	33	16	16	17	9	12	21	15	17	30	34	47	70	107	101	87	62	68	59	63	53	56	66	75	51	55	59	49	63	50	49	50	50	67	53	60	53	54	54	56	61	50	57	55	58	63	61	47	53	52	50	63	78	60	63	56	56	63	57	66	48	55	48	57	67	64	59	63	51	54	58	55	55	62	56	46	46	56	60	56	54	55	56	60	45	57	62	67	58	65	63	53	55	69	51	62	69	50	52	58	55	50	55	60	46	58	55	58	52	64	66	55	47	81	59	57	53	64
20	26	24	26	25	17	17	18	21	22	31	25	28	24	32	29	12	25	26	30	24	14	11	9	14	22	38	35	80	76	84	101	87	79	67	57	69	60	55	64	54	54	48	60	62	46	53	68	53	58	60	57	62	50	63	56	56	53	46	56	54	62	54	53	52	49	53	58	58	60	82	54	56	62	60	59	58	66	52	50	52	57	68	50	53	50	45	53	61	60	52	48	62	56	63	55	55	47	55	55	57	50	59	59	58	58	50	52	55	54	59	52	63	59	57	62	60	57	52	63	66	55	58	64	58	64	64	61	54	54
19	27	14	21	23	31	15	22	35	25	29	28	28	31	29	29	17	22	40	78	29	30	22	9	8	7	9	12	15	34	77	114	157	138	114	114	106	78	62	56	58	51	61	61	56	53	43	53	47	44	63	51	46	57	59	46	59	56	63	56	69	50	41	51	70	54	56	46	47	53	53	64	53	62	64	68	75	50	69	49	69	49	76	51	58	59	58	60	56	69	53	47	64	60	63	50	57	64	46	64	44	62	50	58	50	51	57	55	56	65	63	51	56	65	68	43	71	57	50	51	63	50	49	53	51	67	57	59	61	52
25	20	26	8	18	25	24	14	26	18	23	21	27	13	16	14	27	15	34	54	41	59	55	24	14	13	16	14	6	9	13	25	37	39	48	81	104	149	106	77	87	84	71	56	63	60	54	60	42	53	55	63	59	74	64	51	57	49	50	51	54	50	59	55	49	46	57	59	49	40	52	45	57	60	54	52	56	73	64	62	55	60	63	47	44	57	64	60	67	60	55	52	65	65	61	62	54	57	61	57	43	55	49	65	50	79	63	69	66	63	60	61	52	46	50	48	75	46	56	59	53	54	56	57	59	53	47	49	64	65
12	18	16	16	26	17	27	23	25	21	24	24	26	15	27	14	20	22	35	26	21	31	28	21	17	7	9	9	14	12	17	27	19	9	16	22	29	36	60	82	121	151	138	86	78	84	65	61	69	63	79	57	73	47	49	49	56	55	66	56	69	49	58	49	64	55	61	68	54	58	46	28	64	56	52	56	58	57	57	53	56	61	56	60	59	56	51	66	73	52	52	50	53	52	58	63	57	65	54	47	61	53	60	69	62	56	57	58	48	52	59	47	61	55	47	42	47	48	55	60	59	52	50	57	61	45	44	67	69	60
26	28	17	26	22	20	26	27	25	29	18	23	20	24	19	17	24	32	19	17	16	20	20	31	31	21	21	24	34	37	19	21	13	12	27	21	7	10	19	20	43	53	50	52	86	114	97	116	97	84	88	85	77	47	52	61	70	43	50	55	46	65	58	51	60	39	54	51	57	48	75	47	61	48	57	65	60	44	53	57	44	62	59	58	65	55	51	58	59	66	56	74	51	56	47	67	66	63	51	62	52	66	61	61	53	46	56	52	53	55	58	62	55	53	52	51	71	63	57	51	63	52	46	42	68	61	66	46	54	46
23	27	22	21	22	25	25	26	25	25	31	25	18	31	28	22	26	25	29	22	24	29	31	29	26	30	29	21	34	28	48	34	26	14	16	27	23	14	12	5	15	18	17	14	27	28	42	88	83	145	121	121	88	84	71	49	69	68	59	65	47	63	51	55	53	69	55	55	42	48	54	53	63	59	45	55	48	69	59	47	57	40	55	58	54	57	55	48	60	41	71	49	61	50	62	56	58	76	68	56	62	62	70	54	56	54	52	73	52	60	62	51	53	53	58	45	57	63	59	65	41	53	47	57	57	50	53	53	62	74
31	23	27	26	29	19	25	30	28	24	16	22	26	26	34	19	26	18	26	25	30	29	17	12	18	20	21	25	20	38	23	26	33	29	37	50	50	42	24	25	63	59	12	11	5	19	11	29	44	42	79	96	87	91	89	84	101	69	66	66	63	56	65	46	65	66	56	59	50	55	40	56	57	49	60	69	51	61	50	54	41	56	53	68	62	55	53	53	46	59	49	59	67	62	46	56	51	58	48	70	57	51	54	52	56	65	65	50	68	51	53	51	70	56	45	71	61	42	60	60	60	59	60	63	52	51	46	51	39	62
26	24	30	27	25	17	24	21	27	17	30	20	31	29	25	18	24	26	34	27	25	25	28	23	24	21	21	23	17	26	23	20	12	25	24	30	22	20	21	37	30	59	19	28	18	16	17	36	16	19	19	32	21	14	35	39	53	61	71	78	104	94	85	51	69	68	77	61	66	59	61	52	41	60	66	71	63	55	59	73	52	59	52	43	66	55	57	53	51	44	43	56	51	60	57	42	60	52	53	63	62	40	48	49	66	54	51	64	62	42	55	53	55	59	53	68	64	57	56	54	65	53	47	59	65	44	66	50	55	69
18	14	23	22	15	16	23	25	16	19	15	17	18	23	19	22	21	26	23	23	13	17	13	23	19	22	22	21	20	19	29	23	18	20	27	18	10	23	26	30	17	20	19	21	36	35	72	124	34	24	32	91	34	17	17	24	12	13	19	31	47	55	65	84	113	137	109	106	91	83	76	62	60	74	66	69	69	74	57	61	51	56	66	58	47	54	44	49	54	64	61	49	53	57	66	48	54	46	54	66	49	59	51	53	53	62	62	60	48	64	55	54	59	55	65	74	52	61	62	69	70	58	47	63	62	56	40	69	55	60
26	24	30	28	29	22	22	26	23	21	25	38	25	19	24	29	19	35	27	22	20	12	19	28	19	23	26	23	24	19	15	21	20	22	19	17	17	24	27	21	15	21	24	19	21	27	43	36	29	22	28	32	35	27	32	29	20	20	21	26	20	12	15	18	38	54	87	91	83	93	76	97	75	102	82	88	69	93	67	73	72	82	71	65	85	83	64	51	71	64	51	49	54	58	74	63	44	44	63	60	45	63	53	47	51	49	47	55	54	50	44	55	53	61	54	49	55	43	52	43	51	61	46	74	42	57	48	52	60	52
22	26	28	23	23	19	24	13	15	25	26	28	36	16	22	19	18	22	24	24	31	28	20	18	26	13	25	28	27	21	17	25	8	24	26	24	20	16	20	23	37	34	35	20	27	22	34	35	27	23	26	33	25	30	24	31	17	30	36	26	42	30	34	25	32	32	32	34	36	32	33	43	47	68	84	79	91	67	68	69	65	79	88	101	77	74	70	68	59	71	76	66	53	82	55	61	66	72	59	55	41	66	60	68	61	55	56	69	54	54	59	50	52	44	46	54	48	47	54	46	63	50	55	60	61	53	50	45	39	56
30	21	19	18	25	28	16	13	21	18	19	11	25	15	23	24	19	11	18	17	20	23	22	24	25	27	19	21	17	28	25	24	22	23	20	30	22	31	16	13	22	18	25	28	26	19	20	18	9	11	19	17	13	33	20	26	21	35	23	21	21	28	21	24	30	44	36	55	74	79	25	20	17	28	14	28	32	36	52	66	72	81	99	91	81	78	96	63	91	88	55	70	61	79	80	111	62	54	62	55	55	59	58	50	43	53	64	58	49	61	43	50	64	55	51	53	53	48	49	59	62	45	38	49	53	54	58	63	35	57
30	31	26	35	26	24	22	28	27	30	16	24	25	27	37	25	28	24	35	32	26	29	26	30	24	26	31	30	26	15	32	16	24	24	16	23	19	18	18	22	22	28	32	28	32	29	31	25	29	16	27	14	22	27	29	32	34	19	20	16	21	28	20	29	39	29	32	37	28	22	29	28	32	43	40	33	26	35	44	30	28	24	26	18	39	43	38	50	64	73	83	64	86	79	133	116	101	85	64	64	87	82	69	57	68	70	71	54	53	67	63	60	62	63	59	57	68	49	63	54	55	53	51	53	44	39	57	48	71	42
14	18	21	17	15	18	14	16	19	26	24	16	19	25	24	27	26	19	16	17	27	34	18	25	15	20	23	19	13	25	24	21	22	22	31	32	23	30	21	21	24	13	13	17	25	13	24	19	18	24	26	22	36	11	24	26	15	18	18	25	34	20	17	22	18	10	17	18	13	12	9	16	19	22	21	10	15	19	19	18	27	18	25	36	36	62	26	24	16	20	31	29	41	56	85	63	52	77	67	81	87	80	81	106	98	89	82	79	77	61	65	72	65	64	67	67	82	77	63	60	71	58	64	53	58	69	59	53	50	63
24	14	9	19	17	16	18	18	18	18	10	24	15	13	9	22	20	11	9	17	22	22	14	24	19	10	8	20	18	15	18	20	20	19	23	14	14	12	18	21	13	11	12	21	12	21	12	13	20	14	14	14	21	13	20	11	14	11	15	13	11	15	15	25	21	12	11	18	15	11	19	18	20	21	14	13	17	10	13	10	17	10	20	9	13	22	15	26	17	20	23	25	31	28	36	13	19	21	23	28	19	28	29	22	36	47	76	61	85	85	97	84	74	98	86	84	91	86	73	92	85	81	75	94	80	72	69	75	71	83
6	8	9	5	5	6	8	18	10	13	9	10	13	5	12	10	17	14	17	8	7	14	11	10	16	10	12	12	7	20	13	12	14	6	6	10	18	11	13	12	14	9	9	14	12	13	5	14	12	15	13	7	8	13	14	10	11	13	18	16	16	15	12	20	26	11	10	14	12	18	21	18	22	18	20	19	20	16	22	17	12	16	13	18	13	16	17	15	17	24	16	24	13	14	21	24	17	18	20	15	14	13	18	31	19	24	33	27	31	29	28	23	19	19	39	39	40	43	46	59	64	71	76	67	78	94	92	92	96	73
